GenderCode,Female,,,,
,,,,,
Count of FirstName,Column Labels,,,,
Row Labels,HIGH,LOW,MED,VERY HIGH,Grand Total
BPC,18,40,97,20,175
CCDR,21,40,93,16,170
EW,24,43,103,13,183
MSC,19,39,98,13,169
NEL,24,31,100,10,165
PL,19,30,105,18,172
PYZ,20,40,92,8,160
SVG,24,42,89,20,175
TNS,19,39,86,11,155
WBL,19,37,90,12,158
Grand Total,207,381,953,141,1682
